12

P B 3
0 1 0, 1 1 1, -1 1 1

P P 3
0 1 0, 1 1 1, -1 1 1

T B 56
1 0 0, 2 0 0, 3 0 0, 4 0 0, 5 0 0, 6 0 0, 7 0 0, -1 0 0, -2 0 0, -3 0 0, -4 0 0, -5 0 0, -6 0 0, -7 0 0,
0 1 0, 0 2 0, 0 3 0, 0 4 0, 0 5 0, 0 6 0, 0 7 0, 0 -1 0, 0 -2 0, 0 -3 0, 0 -4 0, 0 -5 0, 0 -6 0, 0 -7 0,
1 0 1, 2 0 1, 3 0 1, 4 0 1, 5 0 1, 6 0 1, 7 0 1, -1 0 1, -2 0 1, -3 0 1, -4 0 1, -5 0 1, -6 0 1, -7 0 1,
0 1 1, 0 2 1, 0 3 1, 0 4 1, 0 5 1, 0 6 1, 0 7 1, 0 -1 1, 0 -2 1, 0 -3 1, 0 -4 1, 0 -5 1, 0 -6 1, 0 -7 1

T P 56
1 0 0, 2 0 0, 3 0 0, 4 0 0, 5 0 0, 6 0 0, 7 0 0, -1 0 0, -2 0 0, -3 0 0, -4 0 0, -5 0 0, -6 0 0, -7 0 0,
0 1 0, 0 2 0, 0 3 0, 0 4 0, 0 5 0, 0 6 0, 0 7 0, 0 -1 0, 0 -2 0, 0 -3 0, 0 -4 0, 0 -5 0, 0 -6 0, 0 -7 0,
1 0 1, 2 0 1, 3 0 1, 4 0 1, 5 0 1, 6 0 1, 7 0 1, -1 0 1, -2 0 1, -3 0 1, -4 0 1, -5 0 1, -6 0 1, -7 0 1,
0 1 1, 0 2 1, 0 3 1, 0 4 1, 0 5 1, 0 6 1, 0 7 1, 0 -1 1, 0 -2 1, 0 -3 1, 0 -4 1, 0 -5 1, 0 -6 1, 0 -7 1

C B 16
2 3 0, 2 -3 0, -2 3 0, -2 -3 0, 3 2 0, 3 -2 0, -3 2 0, -3 -2 0,
2 3 1, 2 -3 1, -2 3 1, -2 -3 1, 3 2 1, 3 -2 1, -3 2 1, -3 -2 1

C P 16
2 3 0, 2 -3 0, -2 3 0, -2 -3 0, 3 2 0, 3 -2 0, -3 2 0, -3 -2 0,
2 3 1, 2 -3 1, -2 3 1, -2 -3 1, 3 2 1, 3 -2 1, -3 2 1, -3 -2 1

B B 56
1 1 0, 2 2 0, 3 3 0, 4 4 0, 5 5 0, 6 6 0, 7 7 0, -1 -1 0, -2 -2 0, -3 -3 0, -4 -4 0, -5 -5 0, -6 -6 0, -7 -7 0,
1 -1 0, 2 -2 0, 3 -3 0, 4 -4 0, 5 -5 0, 6 -6 0, 7 -7 0, -1 1 0, -2 2 0, -3 3 0, -4 4 0, -5 5 0, -6 6 0, -7 7 0,
1 1 1, 2 2 1, 3 3 1, 4 4 1, 5 5 1, 6 6 1, 7 7 1, -1 -1 1, -2 -2 1, -3 -3 1, -4 -4 1, -5 -5 1, -6 -6 1, -7 -7 1,
1 -1 0, 2 -2 0, 3 -3 0, 4 -4 0, 5 -5 0, 6 -6 0, 7 -7 0, -1 1 0, -2 2 0, -3 3 0, -4 4 0, -5 5 0, -6 6 0, -7 7 0

B P 56
1 1 0, 2 2 0, 3 3 0, 4 4 0, 5 5 0, 6 6 0, 7 7 0, -1 -1 0, -2 -2 0, -3 -3 0, -4 -4 0, -5 -5 0, -6 -6 0, -7 -7 0,
1 -1 0, 2 -2 0, 3 -3 0, 4 -4 0, 5 -5 0, 6 -6 0, 7 -7 0, -1 1 0, -2 2 0, -3 3 0, -4 4 0, -5 5 0, -6 6 0, -7 7 0,
1 1 1, 2 2 1, 3 3 1, 4 4 1, 5 5 1, 6 6 1, 7 7 1, -1 -1 1, -2 -2 1, -3 -3 1, -4 -4 1, -5 -5 1, -6 -6 1, -7 -7 1,
1 -1 0, 2 -2 0, 3 -3 0, 4 -4 0, 5 -5 0, 6 -6 0, 7 -7 0, -1 1 0, -2 2 0, -3 3 0, -4 4 0, -5 5 0, -6 6 0, -7 7 0

D B 112
1 0 0, 2 0 0, 3 0 0, 4 0 0, 5 0 0, 6 0 0, 7 0 0, -1 0 0, -2 0 0, -3 0 0, -4 0 0, -5 0 0, -6 0 0, -7 0 0,
0 1 0, 0 2 0, 0 3 0, 0 4 0, 0 5 0, 0 6 0, 0 7 0, 0 -1 0, 0 -2 0, 0 -3 0, 0 -4 0, 0 -5 0, 0 -6 0, 0 -7 0,
1 1 0, 2 2 0, 3 3 0, 4 4 0, 5 5 0, 6 6 0, 7 7 0, -1 -1 0, -2 -2 0, -3 -3 0, -4 -4 0, -5 -5 0, -6 -6 0, -7 -7 0,
1 -1 0, 2 -2 0, 3 -3 0, 4 -4 0, 5 -5 0, 6 -6 0, 7 -7 0, -1 1 0, -2 2 0, -3 3 0, -4 4 0, -5 5 0, -6 6 0, -7 7 0,
1 0 1, 2 0 1, 3 0 1, 4 0 1, 5 0 1, 6 0 1, 7 0 1, -1 0 1, -2 0 1, -3 0 1, -4 0 1, -5 0 1, -6 0 1, -7 0 1,
0 1 1, 0 2 1, 0 3 1, 0 4 1, 0 5 1, 0 6 1, 0 7 1, 0 -1 1, 0 -2 1, 0 -3 1, 0 -4 1, 0 -5 1, 0 -6 1, 0 -7 1
1 1 1, 2 2 1, 3 3 1, 4 4 1, 5 5 1, 6 6 1, 7 7 1, -1 -1 1, -2 -2 1, -3 -3 1, -4 -4 1, -5 -5 1, -6 -6 1, -7 -7 1,
1 -1 0, 2 -2 0, 3 -3 0, 4 -4 0, 5 -5 0, 6 -6 0, 7 -7 0, -1 1 0, -2 2 0, -3 3 0, -4 4 0, -5 5 0, -6 6 0, -7 7 0

D P 112
1 0 0, 2 0 0, 3 0 0, 4 0 0, 5 0 0, 6 0 0, 7 0 0, -1 0 0, -2 0 0, -3 0 0, -4 0 0, -5 0 0, -6 0 0, -7 0 0,
0 1 0, 0 2 0, 0 3 0, 0 4 0, 0 5 0, 0 6 0, 0 7 0, 0 -1 0, 0 -2 0, 0 -3 0, 0 -4 0, 0 -5 0, 0 -6 0, 0 -7 0,
1 1 0, 2 2 0, 3 3 0, 4 4 0, 5 5 0, 6 6 0, 7 7 0, -1 -1 0, -2 -2 0, -3 -3 0, -4 -4 0, -5 -5 0, -6 -6 0, -7 -7 0,
1 -1 0, 2 -2 0, 3 -3 0, 4 -4 0, 5 -5 0, 6 -6 0, 7 -7 0, -1 1 0, -2 2 0, -3 3 0, -4 4 0, -5 5 0, -6 6 0, -7 7 0,
1 0 1, 2 0 1, 3 0 1, 4 0 1, 5 0 1, 6 0 1, 7 0 1, -1 0 1, -2 0 1, -3 0 1, -4 0 1, -5 0 1, -6 0 1, -7 0 1,
0 1 1, 0 2 1, 0 3 1, 0 4 1, 0 5 1, 0 6 1, 0 7 1, 0 -1 1, 0 -2 1, 0 -3 1, 0 -4 1, 0 -5 1, 0 -6 1, 0 -7 1
1 1 1, 2 2 1, 3 3 1, 4 4 1, 5 5 1, 6 6 1, 7 7 1, -1 -1 1, -2 -2 1, -3 -3 1, -4 -4 1, -5 -5 1, -6 -6 1, -7 -7 1,
1 -1 0, 2 -2 0, 3 -3 0, 4 -4 0, 5 -5 0, 6 -6 0, 7 -7 0, -1 1 0, -2 2 0, -3 3 0, -4 4 0, -5 5 0, -6 6 0, -7 7 0

R B 16
1 0 0, 1 1 0, 0 1 0, -1 1 0, -1 0 0, -1 -1 0, 0 -1 0, 1 -1 0,
1 0 1, 1 1 1, 0 1 1, -1 1 1, -1 0 1, -1 -1 1, 0 -1 1, 1 -1 1

R P 16
1 0 0, 1 1 0, 0 1 0, -1 1 0, -1 0 0, -1 -1 0, 0 -1 0, 1 -1 0,
1 0 1, 1 1 1, 0 1 1, -1 1 1, -1 0 1, -1 -1 1, 0 -1 1, 1 -1 1
